0100100100000000000000000000000000000000
0000010010000011000100000010000000000000
0000011101100000000010000010101100000010
0000011000100000000010000010101100000010
0110010100000000000000000000000000000000
0000010010000011000100000010000001000000
0000011001100000000010000010101100001110
0000010111100000000010000010101100001110
0000100100100000000100000001000011000000
0000010010000011000100000010000010000000
0000101101010000000000000000000000001010
0000101101010000000000000000000000001010
0000010010000000100000100010100000000010
0000010010000011000001000010000000000000
0000010010000011000010000000010100000100
0000011100100000000010000000000000000000
0010010000000000000000000000000000111000
0010010001000000000000000000000000110000
0001100001100000110000000000000000000000
0000100001100000110000000000000000000000
0000010010000010110000101010100000000000
0000010010000010110000101000011000000100
0000010010000000100000100000010000000100
0000010000010000000100000000000011001000
0000010001010000000100000000000011000000
0010011001010000000000000000000000101000
0000000000000000000000000000000000000000
0000010010000011001000000000000000001000
0010011100010010010000001000000000101000
0010011101010000000000000000000000100000
0000010010000000101000010000000000001000
0000010010000011001000000000000000000000
1000000000000100000000000000000000000000
0010100001010000000000000000000000101000
0000110011000010000000000101000000000000
0000100000001000001000000000000000001000
0010100100010000000000000000000000101000
0000111100100010000000000101000000000000
0000100111000000101000010000000000001000
0000101000100010000000000101000000000000
0010101000010000000000000000000000101000
0000101101010000000000000000000000001010
0000100010000000001000000000000000001000
0000000000000000000000000000000000000000
0000000000000000000000000000000000000000
0000100101000010000000000101000000000000
0000000000000000000000000000000000000000
0000110000100010000000000101000000000000
0010110000000000000000000000000000111000
0000000000000000000000000000000000000000
0000110100100000000000000000000000000000
0000010010000010000000000101000000000000
0010110100010000000000000000000000101000
0000000000000000000000000000000000000000
0000010010000000101000010000000000001000
0000101101010000000000000000000000001010
0000101101010000000000000000000000001010
0000101101010000000000000000000000001010
0000000000000000000000000000000000000000
0000000000000000000000000000000000000000
0011111100000000000000000000000000111000
0000101101010000000000000000000000001010
0000101111010000000000000000000000001000
0000000000000000000000000000000000000000