010010010000000000000000000000000000000000000000000
000010010000011000100000100000000000000000000000000
000011101100000000010000110110000000000000000000000
000011000100000000010000110110000000000000000000000
011010100000000000000000000000000000000000000000000
000010010000011000100000100000100000000000000000000
000011001100000000010000110110000000100000000000000
000010111100000000010000110110000000100000000000000
000100100100000000000000100001100001000000000000000
000010010000011000100000100001000000000000000000000
000101011000000000000000000000000000001000000101100
000101011000000000000000000000000000001000000101100
000010010000000100000100110000000000000000000000000
000010010000011000001000100000000000000000000000000
000010010000010000010000001010000000100000000000000
000011100100000000010000000000000000000000000000000
001010000000000000000000000000011100000000000000000
001010001000000000000000000000011000000000000000000
011100001100000110000000000000000000000000000001000
011100001100000110000000000000000000000000000001000
000010010000010110000101110000000000000000000000000
000010010000010110000101001100000000100000000000000
000010010000000100000100001000000000100000000000000
000010000010000000100000000001100100000000000000000
000010001010000000100000000001100000000000000000000
001011001010000000000000000000010100000000000000000
000101000100010000000001100000000011000000000000010
000010010000011001000000000000000100000000000000000
001011100010010010000001000000010100000000000000000
001011101010000000000000000000010000000000000000000
000010010000000101000010000000000100000000000000000
000010010000011001000000000000000000000000000000000
100000000000100000000000000000000000000000000000000
001100001010000000000000000000010100000000000000000
000000000000000000000000000000000000000000000000000
000100000001000001000000000000000100000000000000000
001100100000001001000000000000000000000000000000000
001100101000001001000000000000000000000000000000000
000110001000000101000100000000000100000000000000000
000110010000000001000000000000000100000000001000000
001101000000000000000000000000011100000000000000000
000101011000000000000000000000000000000000000000100
000110101010000000000000000000000100010000000000000
000110100010000000000000000000000100000010000000000
001101100000000000000000000000011100000000000000000
001101101000001001000000000000000000000000000000000
000101101100000000000000000000000000000100000000000
000010010000000101000100000000000100000000000000000
000000000000000000000000000000000000000000000000000
000100101100010000000001100000000011000000000000011
000110011000010000000001100000000011000000000000011
000010010000010000000001100001100011000000100010000
000011010000010000100001100001100011000001010000000
000101100100010000000001100000000011000000000000010
000000000000000000001000000000000000000000000000000
000000000111100001000000001000000000000000000000000
000000000000000000000000000010000001000100000011000
001010101010010000100100111000001001000001100100100
000000000000000000000000000000000000000000000000000
000000000000000101001100010010001001000100000010010
001101010001010001000000000100010001000001000010010
000001101001101000100100001001010001110010000010010
010101010100010000010000010000110101101010101010010
010000000000000000000000000000000000000000000000000
